function cmap = get_colormap()

        cmap = ...
            [0.0909         0         0
            0.1759    0.0941    0.0941
            0.2610    0.1882    0.1882
            0.3460    0.2824    0.2824
            0.4310    0.3765    0.3765
            0.5160    0.4706    0.4706
            0.6011    0.5647    0.5647
            0.6861    0.6588    0.6588
            0.7711    0.7529    0.7529
            0.8561    0.8471    0.8471
            0.9412    0.9412    0.9412
            1.0000         0         0
            1.0000    0.1111    0.1111
            1.0000    0.2222    0.2222
            1.0000    0.3333    0.3333
            1.0000    0.4444    0.4444
            1.0000    0.5556    0.5556
            1.0000    0.6667    0.6667
            1.0000    0.7778    0.7778
            1.0000    0.8889    0.8889
            1.0000    1.0000    1.0000
                 0         0    1.0000
            0.1250    0.1250    1.0000
            0.2500    0.2500    1.0000
            0.3750    0.3750    1.0000
            0.5000    0.5000    1.0000
            0.6250    0.6250    1.0000
            0.7500    0.7500    1.0000
            0.8750    0.8750    1.0000
            1.0000    1.0000    1.0000];
end